shrt 256
Loss: 1.65762
accuracy = 0.61012
accuracy_5 = 0.828201

solver not trained!

