keep dataset(shrt 256).
Loss: 1.67114
accuracy = 0.60822
accuracy_5 = 0.826942

origin dataset
loss: 1.73766
accuracy_1 = 0.59014
accuracy_5 = 0.82108

