keep dataset(shrt 256).
Loss: 1.67114
accuracy = 0.60822
accuracy_5 = 0.826942

