acc_top_1 = 0.596939
acc_top_5 = 0.822081
loss = 1.77181 (* 1 = 1.77181 loss)

INQ 5bit
acc_top_1 = 0.54418
acc_top_5 = 0.783841
loss = 2.0177 (* 1 = 2.0177 loss)
